152 134 199 134 199 201.00000000000003 152 201.00000000000003 head 0
96.00000000000001 154 140 154 140 220 96.00000000000001 220 head 0
213.99999999999997 132 262 132 262 208 213.99999999999997 208 head 0
244.99999999999997 147 280 147 280 203.99999999999997 244.99999999999997 203.99999999999997 head 0
166 101.99999999999999 199 101.99999999999999 199 150 166 150 head 0
122.00000000000001 108 155 108 155 157 122.00000000000001 157 head 0
337 83 365 83 365 127.00000000000001 337 127.00000000000001 head 0
278 86 308 86 308 133 278 133 head 0
268 65 294 65 294 106.00000000000001 268 106.00000000000001 head 0
90 132 126 132 126 178 90 178 head 0
299 98 326 98 326 144 299 144 head 0
295 68 321 68 321 105 295 105 head 0
143 134 170 134 170 180 143 180 head 0
327 77 349 77 349 113 327 113 head 0
353 61.00000000000001 370 61.00000000000001 370 100 353 100 head 0