339 136 351 136 351 212 339 212 helmet 0
129 157 171 157 171 222.00000000000003 129 222.00000000000003 head 0
190 172 230 172 230 237 190 237 head 0
67 161 108.99999999999999 161 108.99999999999999 235 67 235 head 0
48.99999999999999 177 79 177 79 233.00000000000003 48.99999999999999 233.00000000000003 head 0
125 126 154 126 154 172 125 172 head 0
170 127 199 127 199 175 170 175 head 0
14.999999999999998 119 42 119 42 165 14.999999999999998 165 head 0
27 97 50.00000000000001 97 50.00000000000001 137 27 137 head 0
201 149 234 149 234 193 201 193 head 0
0 132 23 132 23 178.00000000000003 0 178.00000000000003 head 0
0 103 23 103 23 139 0 139 head 0
157 155 181 155 181 199 157 199 head 0