0 130 6 130 6 167 0 167 helmet 0
44 108 78 108 78 177 44 177 helmet 0
91 106 126 106 126 174 91 174 helmet 0
143 116 168 116 168 168 143 168 head 0
13 113 36 113 36 158 13 158 head 0
298 151 318 151 318 196.00000000000003 298 196.00000000000003 head 0
240.99999999999997 125 268 125 268 173 240.99999999999997 173 head 0
219 145 236.00000000000003 145 236.00000000000003 185 219 185 head 0
192 138 221 138 221 187 192 187 head 0
183 153 200.00000000000003 153 200.00000000000003 200.00000000000003 183 200.00000000000003 head 0
162 153 181 153 181 195 162 195 head 0