34 109 55.99999999999999 109 55.99999999999999 147 34 147 helmet 0
86 102 131 102 131 175 86 175 helmet 0
131 111 177 111 177 183 131 183 helmet 0
183 133 216.00000000000003 133 216.00000000000003 188 183 188 head 0
60 98 90 98 90 146 60 146 head 0
13 86 42 86 42 139 13 139 head 0
327 204 354 204 354 251.00000000000003 327 251.00000000000003 head 0
277 166 312 166 312 217 277 217 head 0
253 180 277 180 277 221 253 221 head 0
227 166 263 166 263 219 227 219 head 0
214 179 239 179 239 227 214 227 head 0
194 173 220.00000000000003 173 220.00000000000003 217 194 217 head 0