291 128 333 128 333 188.00000000000003 291 188.00000000000003 helmet 0
325 90 367 90 367 169 325 169 helmet 0
180 163 213 163 213 211.00000000000003 180 211.00000000000003 helmet 0
0 147 46 147 46 245 0 245 helmet 0
269 146 302 146 302 194 269 194 helmet 0
233 149 267 149 267 193.00000000000003 233 193.00000000000003 helmet 0
48 192 81 192 81 242 48 242 helmet 0
102 173 134 173 134 216.00000000000003 102 216.00000000000003 helmet 0
68 175 98 175 98 222 68 222 helmet 0
138 168 166 168 166 211.00000000000003 138 211.00000000000003 helmet 0
21 183 55 183 55 243.99999999999997 21 243.99999999999997 helmet 0