0 101.00000000000001 20 101.00000000000001 20 175 0 175 helmet 0
186 158 224 158 224 221 186 221 head 0
127 163 163 163 163 226 127 226 head 0
246 173 284 173 284 244.99999999999997 246 244.99999999999997 head 0
274 193 301 193 301 248 274 248 head 0
209.99999999999997 129 236 129 236 174 209.99999999999997 174 head 0
165 123 191 123 191 169 165 169 head 0
380 154 402 154 402 196 380 196 head 0
321 142 345 142 345 187 321 187 head 0
318 119 339 119 339 157 318 157 head 0
127 139 158 139 158 181 127 181 head 0
339 158 360 158 360 202.00000000000003 339 202.00000000000003 head 0
343 129 364 129 364 163 343 163 head 0
179 153 200 153 200 196 179 196 head 0
373 145 390 145 390 179 373 179 head 0