304 131 343 131 343 190 304 190 helmet 0
339 96 387 96 387 173 339 173 helmet 0
191 160 222 160 222 207 191 207 helmet 0
0 135 54 135 54 231 0 231 helmet 0
280 148 311 148 311 195 280 195 helmet 0
245 149 277 149 277 192 245 192 helmet 0
57 182 88 182 88 232 57 232 helmet 0
111.99999999999999 166 142 166 142 208 111.99999999999999 208 helmet 0
78 166 105.99999999999999 166 105.99999999999999 211.99999999999997 78 211.99999999999997 helmet 0
149 162 175 162 175 205 149 205 helmet 0
30.999999999999996 172 61.99999999999999 172 61.99999999999999 232 30.999999999999996 232 helmet 0